   PID
   150
   151
   152
   153
   154
   155
   156
   176
   177
   178
   318
   335
   380
   385
   426
   427
   428
   466
   521
   523
   552
 0.0  
   688
   690
   701
   720
   755
 758  
  780 
  785 
   812
   818
   866
   870
   876
   877
   881
 0.0  
   996
  1003
  1009
  1019
 1035 
  1058
  1059
  1062
  1063
  1126
  1127
  1164
  1181
0.0  0
  1380
1406  
  1567
  1613
 1733 
1853  
0.0  0
  1960
  1964
  2018
  2019
  2036
  2040
  2049
  2055
  2062
  2066
  2080
  2083
  2089
  2091
  2093
  2096
  2104
  2105
  2109
  2110
  2112
  2119
  2149
  2159
  2162
  2163
  2170
  2172
  2173
  2176
  2180
  2185
  2189
  2195
  2210
  2223
  2255
  2264
  2271
  2304
  2308
  2311
  2366
  2367
  2373
  2374
  2391
  2397
  2400
  2412
  2418
  2422
  2427
  2435
  2441
  2453
  2487
  2495
  2508
  2513
  2519
  2536
  2558
  2637
  2688
  4088
  8293
  8298
  8324
  8335
  8350
  8389
  8402
  8435
 10014
 10022
 10023
 10024
 10025
 10026
 10027
 15357
 15358
 15362
 15366
 15367
 15368
 15369
 15370
 15371
 15390
 27930
 27937
 27938
 28426
 28520
 28935
 28939
 29011
 30301
 30349
 30350
 30352
 30400
