%CPU %MEM
 1
 2
 3
 5
 7
 8
 9
10 
11 
12 
13 
14 
15 
16 
17 
18 
19 
20 
21 
22 
23 
24 
25 
26 
27 
28 
29 
31 
32 
33 
34 
36 
37 
38 
39 
41 
42 
43 
44 
45 
46 
47 
48 
49 
50 
51 
52 
53 
56 
57 
58 
59 
60 
61 
62 
74 
97 
98 
 0.0
 0.0
 0.0
 0.0
 0.0
 0.0
 0.0
 0.0
 0.0
 0.0
 0.0
 0.0
 0.0
 0.0
 0.0
 0.0
 0.1
 0.0
 0.0
 0.0
 0.0
 40492
 0.0
 0.0
 0.0
 0.0
 0.0
 0.0
0.0 
0.0 
 0.0
 0.0
 0.0
 0.0
 0.0
 0.0
 0.0
 37144
 0.0
0.0 
0.0 
0.0 
 0.6
0.0 
6.4 
0.0 
0.0 
0.0 
0.0 
0.0 
0.0 
 5272
0.0 
0.0 
0.0 
0.0 
 0.0
0.0 310940
17044 
0.0 
0.0 
0.0 
0.0 
0.0 
0.0 
0.0 
0.0 
0.0 
0.1 
0.0 
0.0 
0.0 
0.0 
0.0 
0.0 
0.0 
0.0 
0.0 
0.0 
0.0 
0.0 
0.0 
0.0 
0.0 
0.0 
0.0 
0.0 
0.0 
0.0 
0.0 
0.0 
0.0 
0.0 
0.0 
0.0 
0.0 
0.0 
2.5 
0.0 
0.0 
0.0 
0.0 
0.0 
0.0 
0.0 
0.0 
0.0 
0.0 
0.0 
0.0 
0.0 
0.0 
0.0 
0.0 
0.0 
0.0 
0.0 
0.0 
0.0 
0.0 
0.0 
0.0 
0.0 
0.0 
0.0 
4091 
0.0 
0.0 
0.0 
0.0 
0.0 
0.0 
0.0 
0.0 
 0.1
 0.0
 0.0
 0.0
 0.0
 0.0
 0.0
 0.0
 0.0
 0.0
 0.0
 0.0
 0.0
 0.0
 0.0
 0.3
 0.0
 0.0
1746816 848648
 2.5
 0.0
 0.0
 0.0
 0.0
 0.0
 0.0
 1.3
 0.0
